6634	3.4339665303262676
2625	2.8634473332538652
15	2.2351502524456666
2398	2.110867990663029
4037	2.049311536403047
5412	1.938614302153182
4335	1.8516371996177985
6946	1.7748724300758723
1297	1.7048707758995012
2066	1.6559763756092634
7553	1.641816752338975
7632	1.5835186856125438
3089	1.575351824089515
2328	1.5695564279430005
8042	1.5630897534092636
4191	1.562547761124238
7092	1.4943746966197973
3352	1.4442099086612576
762	1.4381275718119595
5254	1.4353861470234028
737	1.4227327020491316
4875	1.4215644573298278
6832	1.4094849581904294
7620	1.404812268811095
4712	1.3800889158895544
4735	1.353124770920795
8163	1.3357591893996257
3456	1.3191008100324049
1211	1.308308271365717
993	1.2455706206019739
2657	1.220877131013265
2565	1.2170670615586625
1549	1.2045346899983544
4828	1.1917578547989789
2746	1.1888522651844264
3084	1.1738736068413214
3459	1.1648753279724562
4310	1.162490383501784
271	1.1555128647386914
2535	1.154803493041129
3334	1.1501500137893315
4400	1.1413488165935124
5233	1.1353192848307325
5423	1.107075058621254
5484	1.090503608066726
5123	1.0862493075717747
2654	1.0854146451486246
3117	1.080633835190094
5079	1.0793360758508934
5404	1.063932786253763
3562	1.0628200951216025
28	1.0625587335684534
3898	1.061329503920871
2237	1.0474379283052297
5210	1.03980714916156
2859	1.0338679126547892
3897	1.0306840042783707
4110	1.0001574610245518
3976	0.9848796026068071
6914	0.9836113760546673
7699	0.9805224516202751
1633	0.9784238277677667
922	0.9760272116970652
5459	0.9753992630419989
1031	0.9681313306222378
1026	0.9651960962958923
282	0.956638317091723
2958	0.954089691720154
2651	0.9524781211446974
4666	0.9499784174820272
1638	0.9499294681185952
4661	0.9482461803224125
1754	0.9382910306438499
3568	0.9292826251301516
2323	0.9224841141512886
3238	0.9162461760723202
7809	0.9116572798059848
4536	0.8969789145536299
3443	0.8934863933683049
5563	0.8842805241069271
7862	0.8821240290459768
3537	0.879530908275153
5022	0.8689477226208212
4071	0.8684745486196773
3034	0.860969861591974
2485	0.8595777534728967
2576	0.8524326010017461
3962	0.8503960161661227
299	0.8503186090916416
4531	0.847919056791209
1726	0.8468252715404228
35	0.8388942168705894
3026	0.8361405987365562
214	0.8348118282325346
7890	0.8334300019346598
3615	0.8318549902233264
4983	0.8230712459961578
2871	0.8205670613671112
5179	0.8183049321256176
8294	0.8179951699233117
1186	0.8174187716822865
7961	0.8140139364037764
7414	0.8137754369499709
6414	0.810800570199941
4798	0.8073979616997373
6006	0.8065314188686447
3005	0.8062489755143175
6784	0.8041909557488747
3755	0.8014455952864633
4981	0.7979227972521834
5605	0.7971720432336873
6334	0.7952337955134092
3140	0.7951633010546009
2256	0.7935173778575978
7882	0.7922177223020255
2117	0.7905743933424679
3873	0.7903259527056218
5800	0.7881206655308878
3498	0.7867355781324585
4256	0.785935280898319
7021	0.7795007738390153
2594	0.7787625565269218
2504	0.7763345635529811
8293	0.774826468230496
56	0.7745909089450964
2585	0.7725492196405985
5543	0.7644901605083586
3439	0.7635627625230762
825	0.7623950526432139
4011	0.7623051093755043
6560	0.7591720010582373
2643	0.7554500287493116
2210	0.7518867241764693
2516	0.7506760646451247
600	0.7473734040241121
6004	0.7468074996978465
3192	0.7439716444713934
407	0.7390143757930951
3130	0.7383450537926365
8295	0.7375447588151297
3321	0.734868817883047
3394	0.7304921283206426
3024	0.7286050723010369
5020	0.7253611437542256
7214	0.7241166247692217
2470	0.723024298007677
5002	0.7218982297621019
4709	0.7200702319683737
1842	0.7200216577963535
3260	0.7194438138883968
1453	0.7193381973982989
2877	0.7192999948318572
86	0.716927556874369
4796	0.7138352690824626
2790	0.7132664406076863
5200	0.7131660016585434
6299	0.7101533710572268
3454	0.7088963818058917
4510	0.707668483607959
1982	0.7067569363272784
7649	0.7061009959956293
7908	0.7043019739730048
6774	0.7032183644067653
4827	0.7031867331521557
2653	0.6976166384145287
5596	0.6970500398731645
974	0.6923334260665892
5226	0.6911917691760018
3892	0.6892999073147598
2508	0.6875814493005451
6555	0.6867444604903379
5524	0.6860194119795116
6980	0.6830670562844258
2619	0.6824558266859734
665	0.6813555870371749
3650	0.6805214531294623
5839	0.6798432575474328
5806	0.6782614991350276
7839	0.6777235859553548
4687	0.6770335920505418
3643	0.6758518673992998
4099	0.6743740271392085
6979	0.6714479249476142
3010	0.670133529690359
644	0.670122388403992
3796	0.6670405375832005
1385	0.6669961852186808
1310	0.6667532228668138
5055	0.6651876628543197
3634	0.6646169133200176
5445	0.6640383017707824
2144	0.662672107116857
1437	0.6574913077363771
1859	0.6567644095491824
3265	0.6561010453610893
2145	0.6546583176519588
2940	0.6538625355277342
2658	0.6537455732392912
2134	0.6509001867261571
4261	0.6496089364700914
4040	0.6493717997644405
1412	0.6466496474454264
5452	0.6466235153987057
6327	0.6446176894521197
5963	0.6421885334149134
1585	0.6417302584303624
3408	0.6414411428960533
2114	0.6407740514093622
1717	0.6403996587523485
6044	0.6382250024407542
1956	0.6380428627638056
2120	0.6345456331527926
290	0.6332592466837066
4124	0.6295016253327745
2474	0.6260487791433417
204	0.6220082331374318
4600	0.621475697511696
2411	0.6197878560865252
4792	0.6193373269893762
2775	0.6192143877698744
840	0.6177994848984988
978	0.6175604387815852
1049	0.6174774885542925
7587	0.6158578313603276
4653	0.6155304688037279
6913	0.6151075163718868
417	0.6149484089921105
3516	0.6144936288873424
1718	0.6136641506059823
363	0.6116520447038302
1893	0.6109205122413455
1992	0.6091933126708411
2660	0.608066783530621
2185	0.6080440933714654
1167	0.607310974018864
72	0.6058620700056865
1374	0.6049538913628401
1661	0.6023705774310529
930	0.600659419620013
5814	0.600648398076026
8212	0.6006054770613751
941	0.6005977314221462
3276	0.5957876940672506
1855	0.5940609247739035
4402	0.5928574015227406
6833	0.591904083495212
2593	0.5914051387152275
1514	0.5911058798007214
5288	0.5905658488431468
5479	0.5904298006269737
2240	0.5900119943325766
1688	0.5897172368975183
4485	0.5863708849038552
3529	0.5861330292940605
6618	0.5847255417768661
3645	0.5836821985098438
2062	0.5829236157296018
1166	0.5817019075958713
3030	0.5816832675127398
55	0.5805910188346921
6124	0.5787451699381976
5321	0.5786255626141109
4780	0.5784526267824728
1357	0.578356576476755
1919	0.5782624179104083
7860	0.5776366678451456
4179	0.5761219702829143
2727	0.574834652169889
4448	0.5740997144515158
6330	0.5733257216282189
6123	0.5721975060462481
4349	0.5719136389105195
896	0.5716904918647464
4940	0.5709999814727894
2433	0.5705198686856688
4578	0.5695578254126453
8290	0.5690735565623052
2297	0.5663711429494545
2322	0.5655330668390162
1492	0.5651595418670438
3284	0.5649752884688628
1193	0.5639612524753821
5144	0.5610239931902308
1705	0.5592128209092518
1918	0.5585227810925845
4247	0.5583562021108861
5178	0.5583444382035774
2251	0.5579345279367004
2822	0.5576285035851225
2160	0.557065770965597
6229	0.5563790714976604
3307	0.5551873549884531
4219	0.554595537007944
2686	0.5536554563801563
4795	0.5535479220425312
3125	0.553379773420291
959	0.5533468848082624
7757	0.5524276961425849
5037	0.552392092613532
857	0.5523139970123933
2665	0.5511287152611414
2517	0.5501571804105866
5061	0.5493752415745807
4373	0.5472456237049516
4401	0.5471279635359406
1496	0.5456150717456472
1637	0.5448347917987185
937	0.5444934836872475
7225	0.5440636063977472
6481	0.5434754946814141
4557	0.5432041498637862
7115	0.5431448657620372
5822	0.5428633636610275
5204	0.5425759107506006
5871	0.5418844048821438
6665	0.5415208614772805
1990	0.5410701736044594
5545	0.5409646648209857
5305	0.5394037144080348
7624	0.5371454191702475
1403	0.5369650355040615
7063	0.5368153158578646
4266	0.5366712224657938
3136	0.536207107990846
765	0.5357283029027314
6148	0.5332447831244358
5743	0.5326555317910856
4212	0.5324831037231749
1165	0.5309811106299955
2506	0.5300391323878934
1200	0.5291564248040026
3453	0.5287183239052242
1836	0.5282978733502706
4530	0.5269396533213725
6323	0.5262819740093645
6523	0.5260895085862437
1199	0.5257022519751108
3847	0.5252474198570497
1103	0.5250906872557437
904	0.5248673793677658
3752	0.52467426077591
465	0.5240844083439371
2991	0.5238342545201362
439	0.5234778755532964
2151	0.523187946133925
2693	0.5228582682249707
6174	0.5224157617091919
2354	0.5216075385988564
4021	0.5215693865335133
1154	0.5210121802423533
6930	0.5208997569834362
3201	0.5200631421534028
5872	0.5196969340104362
2774	0.5183985473419226
8174	0.5162422296201244
7803	0.5160829315477032
1646	0.5159321774212438
8192	0.5148365357297541
5697	0.5143134411958674
1201	0.5120990871576444
2289	0.5117542290372733
7833	0.5117141554226796
1734	0.5114447442238662
6955	0.510382948185021
2900	0.5101107462953731
5529	0.5089628806157588
3970	0.5083517926311066
230	0.5076429263527787
5301	0.5068520340671772
3028	0.506246094319917
3792	0.5061376932279565
50	0.5055334624517301
3631	0.5051559690040237
7391	0.5037370356144152
789	0.5032791053017375
5760	0.502320529396798
4299	0.5017220113145444
3776	0.5005727133808783
1151	0.5004647456349549
5829	0.49976922069825935
1697	0.499542201559963
545	0.4984182393121759
4361	0.4982241842082795
2435	0.49659331847393995
5897	0.49633612226556134
6218	0.4962040141529387
1473	0.4955452551666356
5891	0.4949824166151763
7306	0.49491146073088765
3014	0.4941151245517018
7144	0.49388252295530055
3812	0.4937720795045051
1835	0.4935934331763482
4138	0.4933317297031662
3027	0.4927686910300527
4233	0.4921550332639767
5739	0.4919305742263863
863	0.49047712555464185
5818	0.49010681196536066
2785	0.4900042504879294
769	0.4894451721268934
6715	0.48922326042050246
5925	0.488874051726071
362	0.4877562619630891
6739	0.487335456307185
5947	0.48665076560405174
1935	0.4859945519201223
2174	0.4854966592949801
3253	0.4845916820191474
2814	0.48340920464952697
5262	0.48308528474420376
5263	0.48301893249532635
3473	0.48280699985544395
2223	0.48180987577503
5072	0.48180239347322995
227	0.481728295227156
3580	0.48147080298253986
1352	0.48137286232378973
4587	0.48112530142053345
5073	0.4807350197477138
3946	0.4805786167182141
1497	0.48033569018865263
719	0.47982329198493145
4199	0.47883721319701833
5449	0.47873031340368444
2973	0.47862653289020185
5289	0.4784888888513201
5902	0.47819731518770725
5693	0.4777041036355103
549	0.47731070154367483
370	0.4771442831162459
1261	0.4769439449011884
1035	0.4762731830963698
4424	0.4762396419108139
1700	0.47600996108823757
152	0.47487585988297687
2211	0.47421641039653284
1787	0.4731102159323647
7052	0.4730803610307315
5028	0.4727133876454951
5671	0.4720861575799524
2276	0.47186433506918113
3291	0.4716347021063666
715	0.47044180072598496
4290	0.470191879076142
2781	0.47006587861381266
2923	0.4697596116781392
2851	0.469681073420937
5684	0.46900957686514866
6780	0.46868789371431274
3830	0.46855118708476473
7910	0.46803374229953154
4528	0.46795500794389056
1723	0.4674311311233078
2264	0.4673543128617602
7381	0.4671654181807494
4654	0.46649362815966133
5714	0.4663609518822295
7927	0.46523672689386786
4646	0.46482723125646286
2963	0.46478718834588817
4717	0.4644951174851565
5683	0.464078757090314
95	0.46390834278544135
5886	0.4636516835371822
4999	0.4630752562787911
817	0.46286430171010784
1305	0.46276593325275184
5466	0.46227775976496743
2499	0.46191299501497285
2856	0.46182357562072496
7386	0.46173401530248004
1111	0.4609998934514258
1966	0.460851568925547
5828	0.45933624530847483
6496	0.4590504762230976
3460	0.45770003436693263
2381	0.45662020795284164
4103	0.4565212756398549
3958	0.45627503169917083
2371	0.45567215174283304
3293	0.4550354318189064
1729	0.45495449057731807
2079	0.4549526490853696
1548	0.45428874549135545
7651	0.4540982576794873
3813	0.4537709989214147
3680	0.45328111489172596
1811	0.4531258141000788
4483	0.45294346973925537
6417	0.4525823303266795
5285	0.45182013898968854
1679	0.4510251180973769
6596	0.4507193603019034
2770	0.45016495204015117
3404	0.44932753670817804
1267	0.4487877644542253
4986	0.44876669560679183
1428	0.44718937774997625
3103	0.4467099452824812
3720	0.44670082320511195
3452	0.4463736393284674
2542	0.44566850425627935
2364	0.4455762898050136
7912	0.4453402706862237
4846	0.4450669739218327
2252	0.44485304903821965
579	0.4446441001863183
7301	0.4445599088536796
1977	0.4444025815017132
5807	0.4442253874151104
1622	0.44361418445508516
4534	0.44318581688104586
5499	0.44282859693944276
4719	0.44253091938158173
4811	0.44228653481565505
6934	0.4413707381255286
6790	0.4413602220429862
2456	0.4411550195237003
4175	0.4410706227630121
966	0.4405440665900683
4269	0.44053101134188566
3887	0.44042490105567733
2440	0.4400751476579706
6246	0.43979769749553277
5817	0.43969093204083565
3480	0.4381985264143292
3717	0.43817066470690125
3586	0.43811740817705724
2375	0.4376395243820337
356	0.4376299899735484
7763	0.436176429669897
2340	0.43578531093582495
2595	0.43546081496303357
1482	0.43437636962271153
7012	0.43324470911743085
1378	0.4329952254178291
3635	0.43257761378990034
2763	0.43195345809815533
4041	0.4318220579971618
3910	0.4312877432402935
2410	0.43108546402545544
1808	0.4309497379389393
6347	0.4304335384340835
1538	0.4299288700641828
4463	0.42909948548532073
171	0.4289453750293649
2909	0.42876182147496633
1247	0.428120961301503
2955	0.42794481013711716
7047	0.4277147717750325
761	0.42768486133132855
7478	0.4273825195140468
3843	0.42736528083580594
756	0.4273069816779791
3417	0.4268247443261004
2707	0.42665697056715324
1847	0.4263534812281401
8121	0.42629882948978104
696	0.42603090367758734
5273	0.4259975651894172
764	0.4256674187710553
3007	0.4253820779981402
1307	0.4240273795933386
2225	0.42365431126492437
2646	0.42352459904519735
2071	0.4233613685957134
1484	0.42239936563193936
4632	0.42204142077609175
2697	0.421812808805174
4365	0.42113223066785177
6907	0.4209856061878777
3371	0.42097766216917043
3607	0.42096283009623026
4964	0.4204845481366203
856	0.4196755431789184
6770	0.4194931512960508
1253	0.4194845901396975
5083	0.41902476124495136
6554	0.41888758923917613
7233	0.41867847979082096
1330	0.41836873323868085
3557	0.41830098302845176
2667	0.4173307796383543
7116	0.4172384477359864
243	0.4171686994545788
2193	0.41714918917225285
1564	0.41663358704608955
5799	0.4158120597499091
6337	0.4148328417267343
6600	0.4143241040138006
3258	0.4141570535728264
5188	0.4137392442790243
7662	0.4135403115909897
5189	0.41288729306519323
1239	0.41287819413095406
4072	0.4125332312615777
5738	0.41211839939846073
4297	0.4117704433966023
5106	0.41148194881519895
6388	0.4106711915511503
1593	0.40967669209051993
4689	0.4094823285925284
6	0.4092083634056558
4298	0.40913400319194115
3903	0.40863103520318733
7510	0.40834838642652527
1888	0.4081043814510834
3787	0.4079581539565733
5199	0.4079076916076849
5811	0.40786908105132325
8291	0.40773332000113816
7279	0.4073322696204661
4162	0.4067227353015417
415	0.4056591299079737
7813	0.40526178178647987
5100	0.4051404181506336
1465	0.4051003910473533
4098	0.40509500535353715
1802	0.4050208351962401
6032	0.4049019124175497
7277	0.40456534756540297
5121	0.40430372568093065
5624	0.403852651553846
4315	0.40369896337216304
1744	0.40358605910847656
8249	0.4030529985482094
1680	0.4030002321170766
2655	0.4027268905164255
6458	0.4025163588747753
972	0.4017823715267478
3748	0.40156982054137125
2128	0.4010763716403971
3351	0.4008288775256096
2922	0.40067265921853856
6714	0.400111215090445
8292	0.40009905940945434
1814	0.3998329810900751
4781	0.3997034398460445
4201	0.3996886344868973
4338	0.39911474378990797
7992	0.3987525184936631
1014	0.39785772094707283
2510	0.3972583080023715
5335	0.3971002921338689
4980	0.3970005014652437
1018	0.39660838242950486
8246	0.39599566610445813
1621	0.39558023612274323
1608	0.39531234114627506
3800	0.3951171476298699
2324	0.3949982067711467
1053	0.3946756621790466
6156	0.39464908591673015
7618	0.39432366620085674
6422	0.3932341529111022
1384	0.3931287930937891
1442	0.393127626407554
2547	0.3928470795627964
250	0.3919947598083654
704	0.3914640223401893
4435	0.3912311328436108
1777	0.3908686530886074
1772	0.39085654042514956
2135	0.3906324071940584
6869	0.3897664182695474
1080	0.3896845667125279
2325	0.38963929806568753
3346	0.3896056935419753
5680	0.38949151094707746
2102	0.3894393567254063
626	0.38934456638433346
5773	0.38926692527681195
4824	0.38910203956908773
6599	0.38908256029291055
3320	0.38878440639239464
7443	0.38867069153662337
5804	0.38829102133774757
7871	0.38811925619391163
7280	0.387729136934436
2747	0.38733423225235397
6566	0.3871072926357587
608	0.3869836776882811
4574	0.38687591707281466
1648	0.3866582868278033
2809	0.3866383730362433
763	0.3861837719866122
2307	0.3855734569585669
5387	0.3849627126481348
1156	0.3848998509223489
6306	0.38471079449909495
259	0.3843945942202707
2831	0.3841213759989803
2674	0.38396311041286485
895	0.38384969026569127
5780	0.38383460710763667
3724	0.383795410591783
960	0.3837456632939613
6043	0.3836827066603198
5819	0.3831798563876634
1571	0.38197937425405115
2157	0.3816925517634208
1416	0.38142699125958895
4049	0.38138151433436684
4551	0.38073925798284325
6875	0.3807027668939269
3009	0.3806603138129885
1489	0.380603982863788
7168	0.38001497883255675
1799	0.37998062541949834
3447	0.37957133102932167
4715	0.3792100777091867
7493	0.37837528231759043
5827	0.378127747774229
2014	0.37793889460348973
3806	0.37783700652995744
2290	0.377516465004171
3660	0.37709171729679214
8283	0.37662915080786463
1788	0.37601299773100966
7005	0.3759142719889909
4791	0.37583214088172223
2794	0.37519607086799395
746	0.375021845852845
2285	0.37502030392832986
3020	0.37464033101399746
6498	0.37456812477415274
1191	0.37377827100825256
667	0.37369567763846373
1159	0.37342351435995513
7050	0.37147063053482016
5482	0.37146451937692104
6855	0.37077626079688353
298	0.37062550807471484
3180	0.37047063249225975
7108	0.37030392200271955
1319	0.370131712703698
6424	0.36963992732563217
1793	0.36933659261030105
2902	0.3691926854860097
1701	0.3691433357255269
5527	0.369062723681748
907	0.36840648725817926
2341	0.36822155575482207
5793	0.36798116488180344
108	0.36794953283978016
849	0.36756576858258255
4820	0.3675512917902328
5162	0.3673823762073877
5182	0.36631427511916764
6897	0.3657384794981604
7450	0.3652395480740378
3926	0.36519001427636266
4953	0.3650941892921399
5130	0.36488909927356006
5421	0.36487141995772254
6503	0.3647333450318238
3059	0.36471983785283735
697	0.36416133041604115
4216	0.36411504485390356
5239	0.36399908536793335
2339	0.3638388198164971
2400	0.36362719443638564
322	0.36331048924899045
4432	0.3630673350671439
6296	0.3627598231647661
2507	0.36237036696087
10	0.3617702923868352
1706	0.3613975049221998
7295	0.36112830275066465
2231	0.36081903010451377
310	0.35994517166818624
4289	0.35989683672403305
4777	0.35985831288438996
2819	0.35984245082632915
3885	0.35965431633561545
663	0.359454379739956
6328	0.35938061767885876
760	0.35867454834923485
3029	0.35860011440290535
4547	0.35857145170743365
4055	0.35812385851799844
8051	0.35795576095958526
1123	0.3578453398223531
432	0.3578170518539022
135	0.35758844920875604
2384	0.3574593969418838
2257	0.3573408952847275
2801	0.35729888342652794
6576	0.3570641901111419
6161	0.35670367566076694
1140	0.35635432552914215
5969	0.3561131682648384
3092	0.3560840759723723
5775	0.3558383171143521
1565	0.3552920573607182
6098	0.3546877729277509
2708	0.3542004273209113
1413	0.354136490157406
2760	0.35355306069743486
1012	0.35347094163964404
6221	0.35337289886620515
1322	0.35330848316988833
3033	0.352262702877219
1291	0.35205527758561406
8224	0.35121468475543227
6441	0.35113153962876686
2880	0.35113070196909735
2811	0.35112228600347734
7646	0.3511023762852993
2560	0.35106501149075786
1022	0.35079792165441764
7979	0.35069871727835267
2326	0.35030738542846307
3393	0.3500901107897014
6918	0.3500266802376798
714	0.3498579963813797
1566	0.3498369118533918
6624	0.34970594420713697
6789	0.3496293444630778
5844	0.34899604759518366
733	0.34887475032376203
4263	0.348845462265308
285	0.3487210937265481
4384	0.3486472143795517
1164	0.3477235695416896
5998	0.34756466377316186
2912	0.3473874699435391
5222	0.347384257356921
2490	0.3473553097321955
5454	0.34730781306798064
1284	0.34714872759726556
8178	0.34711265150067927
1044	0.3467423623233891
1521	0.3466895450011652
2620	0.3464309009452892
5148	0.34636864778240406
6001	0.34627137720732226
5092	0.34621643022453347
609	0.34569372336613174
7835	0.3452538415546289
5936	0.3449753199561326
4507	0.34494919574280236
739	0.3447133920134969
1464	0.34468341617310183
1125	0.3446291978069682
1234	0.3445807614768259
54	0.34452380907565255
7442	0.34448049652962176
5848	0.344204211923529
7238	0.34394223854485456
4962	0.3433155423995201
2996	0.3432592749891731
2981	0.3432268496454159
677	0.3430674580707117
350	0.3429330128228186
6765	0.3426918000754463
5096	0.34241799359782543
4886	0.34235620705005054
4417	0.34219219186802763
6305	0.3411576385485723
5341	0.34094326737274694
7378	0.34090166759441193
8038	0.3408901940510268
4778	0.3408834955705945
7924	0.3406978176413794
6860	0.3406341784615322
5457	0.3406062149914374
5463	0.3398609261659554
3104	0.3394554059578042
3548	0.33943306750019697
5798	0.33901125507005564
1390	0.338467698548733
3479	0.33824062878944217
1953	0.3381047970037805
6720	0.33800658924630755
908	0.337781580908319
3021	0.33754771936072386
6437	0.33745123423725243
2369	0.33743341281119543
3015	0.33719815863656677
6151	0.3369893914869444
1127	0.3366973363557102
1157	0.3357074424209067
3144	0.33561605697018315
3587	0.3354191632647611
2821	0.33511982476346786
613	0.33493735256895907
2685	0.33483859860959764
3381	0.3348182992123329
3191	0.33468041233625323
2662	0.3346212340793696
4500	0.33434267017185754
560	0.33374620892491624
1569	0.33358115594256366
6320	0.3335327747438922
5295	0.33344486070419954
4323	0.33340338920515844
4044	0.3328042240919397
4043	0.3324889746651195
4884	0.33234175818412776
859	0.3318419603764746
1965	0.3317200958385559
3106	0.331668721870568
3114	0.33135963501087423
313	0.33113217895606567
5378	0.330910077971334
1654	0.3308620396146013
3664	0.33071539634353275
1997	0.33060608974096445
311	0.3303746184761345
784	0.3301557700325046
1286	0.33007220366542694
3164	0.3296726626773997
7795	0.329505903894515
3002	0.32916366642225314
2544	0.32905382436329433
371	0.3289562608724047
3145	0.3289375426341158
2209	0.3289138797429307
2195	0.3281118303731081
2258	0.32759946340757473
5950	0.32736656931460034
7986	0.32669872880388096
559	0.3263143052262109
4713	0.32630071298398633
5103	0.3262869215364895
1769	0.3261229794468197
6000	0.32551340286003244
7855	0.32535014488147523
1963	0.32529370923827106
1749	0.3250830873008711
4748	0.32478118323313776
1603	0.3246443664792574
5430	0.32454247257580315
1498	0.3241815684839978
3803	0.32404670319860607
1864	0.32396366599328497
8288	0.32365069556201254
7131	0.3233538568989407
6725	0.3232806539163742
1062	0.32302881180436005
5215	0.3228488075676225
4662	0.32239689832928287
1446	0.32206987571852186
2016	0.3217409674065097
5824	0.32154364443137945
2397	0.32084213433996916
1849	0.3208288676226324
5465	0.3206325852512451
3691	0.3196007112158117
1285	0.31938032399070737
2834	0.3189808319238647
1279	0.31867466737599465
6432	0.3183715303129917
2689	0.31814628495187103
5568	0.31811343836506334
6736	0.3173536409013292
2830	0.3173467139544054
3251	0.31701969628489973
2416	0.3168867528758494
4013	0.31683727412435575
2968	0.3168126001944342
7101	0.31679191290713293
1816	0.31678475058424377
3871	0.3166667451225943
2579	0.3166197509293964
3937	0.31641589882465426
2787	0.3163546548945131
710	0.31633825589391396
6613	0.3162443921508824
4189	0.31620906335860366
4929	0.3152538949367064
8287	0.3152040624952166
8033	0.31502830997138465
3807	0.31438613094455736
6994	0.3143428977682069
5176	0.3141102534161629
1771	0.3139399144922058
3310	0.3138116294120978
5863	0.3137935992002074
1903	0.31351749151323494
5850	0.31332983664003944
3770	0.3128450277060554
1024	0.3124982271443525
2700	0.3124109948912568
3458	0.3123231926335184
2076	0.312202801147953
989	0.3119621592308508
1927	0.31173196669955416
153	0.3116888142659483
6270	0.3116180688784651
4078	0.31152499029567815
3489	0.31143167557883955
3919	0.31139157775583437
7561	0.31093241159059415
3309	0.31086391265494406
5638	0.3108507697619337
906	0.3106887891881936
1315	0.3106073758697162
2618	0.31036925591551473
5582	0.3102243249014434
402	0.31006518403215144
75	0.3094608267339728
372	0.3091747246330244
5584	0.3091391361902878
1487	0.3089354961428301
2669	0.30878384508617224
565	0.30868541771921487
155	0.3085810887109722
723	0.30847885912844786
3435	0.30837131525466266
7351	0.30835391816370894
5651	0.3082771012841481
7143	0.3082396222641322
5776	0.307973704864005
8297	0.30786212027191684
7054	0.30754216849918414
6097	0.3071683081799812
1000	0.3071276315668344
2754	0.3070434012954404
5721	0.3068432470402472
1241	0.30640431753097663
8073	0.30638301326754286
6976	0.3063098088845031
656	0.30608613552725406
5506	0.3059961568787217
5384	0.3059019814492245
2338	0.30574744497281214
1525	0.3056841184914571
346	0.3056361485127659
611	0.30557947650425443
587	0.30542453075297593
7788	0.305350458238122
7879	0.3052401728915966
3726	0.30498616922111943
2805	0.30490623692258
1248	0.30468298091928203
4527	0.30455207632815123
6442	0.3045029558841319
2246	0.3040036506149766
2550	0.3038457504707269
871	0.30347912190278203
524	0.30336329851053956
7119	0.30335088536219046
2993	0.3032286546441837
5922	0.302657496316177
2977	0.30259532777139436
1360	0.3017638941587138
3200	0.3015267396796537
1476	0.3014157112336714
589	0.3012455840076256
405	0.30119538546999447
6407	0.3010393491463987
2001	0.30092911451801707
280	0.30081765478714984
3769	0.30077589301811525
8198	0.30074278690689316
636	0.30067328397864684
304	0.3005831112881567
5592	0.30030283849081696
2815	0.30001336155447694
3661	0.3000077077527763
4706	0.29999093622524264
2073	0.2997450544319636
2475	0.29970083007761705
1218	0.2996455514492614
1377	0.2995475348340413
2053	0.2994860233080357
1547	0.2994531457633582
2612	0.299401929540536
4234	0.2993131482020809
2999	0.2992113973118999
5812	0.299146729266733
4134	0.2987886997285166
1964	0.2987436224654754
722	0.29863369785130744
7237	0.29830198939950725
3148	0.2978684581892702
1236	0.2978337534883614
7694	0.29768107139845085
2570	0.2975254514752307
6262	0.2969873803370451
813	0.2969748121600919
2182	0.29683318545757476
5026	0.2968262894242537
4808	0.29662576830156745
742	0.2965379607010571
4797	0.29652942783440484
178	0.2962481721729553
6948	0.29623936089458597
5415	0.2962006130260133
4488	0.29600743959771403
94	0.2958200202157536
6251	0.29459468996722415
1758	0.2943148638743497
741	0.2942231595012348
7965	0.29421599836726525
887	0.2942062490405648
2385	0.29377740344032655
794	0.2936558053082265
7726	0.29351561980809593
332	0.29344392256213747
2799	0.293424712986062
6505	0.29338991428932887
2713	0.29336606270694077
7389	0.29328683092702523
2072	0.2928489152512551
897	0.292743720800542
2356	0.2926442607993396
829	0.29262993368997303
3614	0.29262653242650555
750	0.29252727927932853
8134	0.29215243474755814
7544	0.2919835584513014
1097	0.29190852687152513
3243	0.29182926122764385
6243	0.29167162004006464
425	0.29156719043034796
3808	0.2914997315504461
1908	0.29134727886513184
2768	0.2909021899880511
1798	0.2908158164095313
6227	0.29072518849294415
4218	0.29018259848357125
2511	0.28943717443513717
2687	0.2893480155123048
7400	0.2889707873206342
3433	0.2886213923163793
1444	0.28854427406085836
590	0.2884735975638407
4341	0.28837690712245295
1243	0.2883096195741206
4588	0.28819225127415654
607	0.28818715290613556
3854	0.2881012890148482
5640	0.2879553598042952
3967	0.28790686072171046
5155	0.2878924408554844
1190	0.2873338164412531
2696	0.28712361651704144
1222	0.28709533128539966
3274	0.28706932071692515
1781	0.2870074116444863
2571	0.2869194232997814
5012	0.28671365419914935
373	0.28661625741917107
2972	0.2865827454996003
4645	0.2864879533571835
3956	0.28616598167079654
4024	0.2860430482502431
2932	0.2859295216268498
1969	0.2854779804713851
637	0.2853035062389366
5637	0.2852927341858923
5790	0.28513386920323297
6255	0.2849961886411476
1792	0.284499711347012
7073	0.2840594139068525
7669	0.2839731897868457
8168	0.2839126916138158
893	0.28353726555328174
1973	0.2832933126643853
1394	0.28305897254252654
3541	0.28289351342253577
1353	0.28280144735761437
2828	0.2826797939222021
4529	0.28229186328322603
1573	0.2821565511462829
7120	0.2821534830545781
3173	0.28188895040887363
2592	0.2815900417259772
7094	0.28097297594408277
1610	0.2808696847755042
7683	0.2807635183838574
659	0.2807537254208447
2946	0.28075120656128216
2587	0.2807374462947436
1006	0.2806575960040566
584	0.2806239692489816
29	0.2805330286261496
4480	0.2804409420448586
5973	0.28026277349678186
985	0.28019993910680197
2409	0.2800625468034864
4065	0.2798851963883846
946	0.2798690999499422
3483	0.2796739330981714
5753	0.2796469140997474
730	0.27935584732798546
1848	0.27930239734060414
1439	0.2789854707239999
4764	0.2788410641312904
6628	0.27865744705958007
2106	0.2784832415003766
4051	0.27838182862429306
7588	0.27821662737982833
4453	0.2781461427001619
977	0.27799239238304385
5439	0.2779229886209429
6901	0.277832538992153
6840	0.2777440636412283
3099	0.2776850324198378
7529	0.277563831854444
7185	0.2775122634595505
1783	0.2769250346731116
5064	0.27692451271534246
2623	0.27690635344253944
1185	0.27680873002714224
105	0.276532864401202
1972	0.27651537356331224
1805	0.27625096501044966
1250	0.2760872505491554
2253	0.2759285060094133
286	0.27589456553980385
1425	0.2758317227800068
1192	0.27574348797913384
391	0.27564697841672847
3073	0.27526846088464285
6094	0.27510744720988
1471	0.27478807074448813
2966	0.2746552565750183
2764	0.2746289210559286
958	0.2746166221483961
255	0.27445736114768066
1774	0.27444275548690017
5994	0.27443710430239654
2605	0.27412568507694063
403	0.2739846548401144
5928	0.2733888133550782
3126	0.27337498634524465
1641	0.2733384707710782
1555	0.273290393265638
4899	0.2730095946027104
6699	0.27299072132781105
8044	0.27298621179266164
5323	0.2729670874480132
308	0.27279755642110237
837	0.2725111461284897
2004	0.2723790018938278
6993	0.27231888118587033
1542	0.27221133570380784
61	0.27212685111867185
6272	0.27212330351350683
5432	0.2719936808725425
7604	0.27183636566992825
348	0.2718037552239934
1296	0.27144836266753536
6029	0.2713657044597016
2329	0.27135689420905995
968	0.2710896383999808
6783	0.2709070889136098
1393	0.2701553096693411
1419	0.2700201176955565
3	0.26955167369957084
7373	0.26946007069521705
8083	0.2694415778701859
5246	0.26927645170504194
4558	0.2691894726795583
7422	0.26885227714049514
633	0.2688207635008843
317	0.26870688323269915
873	0.2686420222944016
2580	0.26860802425782204
1833	0.268556093459289
5392	0.2684473179864262
1580	0.2684324852451365
435	0.268257505301447
1596	0.2681262648128426
803	0.26807247041825244
3835	0.26784059631762225
938	0.2673681571232057
1592	0.26711159827985353
7946	0.26699049589393137
3056	0.26697244257598723
6400	0.2669469240064435
3338	0.2669114928811104
2838	0.26673555314590514
2825	0.2664207529296936
4938	0.2662108474509114
1915	0.26609680612917214
4173	0.2659115246224822
647	0.2653454489012429
1961	0.26494431917794176
5802	0.264780137475308
2386	0.2646302705810769
2345	0.2645626773428209
4786	0.2643786366931723
4604	0.26405374952136007
935	0.26377908011153084
2479	0.26345472640106715
3150	0.26334104711877115
3018	0.26302475570979117
928	0.2629763401767409
5509	0.2626373446296294
6594	0.26246728347440534
368	0.2621507999685887
6023	0.26214568634650726
2918	0.2621174932104931
749	0.2618785982123131
1780	0.2617541488977972
4987	0.2617156588556453
5623	0.2617053353501037
1375	0.2613624735026979
7688	0.26099275687505585
5932	0.26093281454106093
4994	0.26087825433997336
6501	0.2608197554460992
8043	0.2607153161300506
7567	0.2599446724640966
3455	0.25991983523410467
839	0.2596904067668373
1858	0.2596815798637103
5393	0.25944656025707025
2350	0.2594348190556288
325	0.25917129740865297
3842	0.2590824357352244
1658	0.25866697409647943
2721	0.25866220198202217
7874	0.2584503463258316
3670	0.25844936929721324
7707	0.2582030655411245
2137	0.2579160598028134
947	0.25761820398874885
8219	0.2572875681591383
2617	0.2572068404837059
1032	0.25712839896814543
6528	0.2568724253648888
3969	0.25643917337335587
261	0.25639574891119143
1501	0.25614231942245436
2501	0.2559867791649246
321	0.2559816715653389
2597	0.2558287068208779
2777	0.25558890222181496
1061	0.2552839466743346
334	0.2551278215865267
627	0.25508106402409025
394	0.255028742449319
5737	0.2549779428925436
628	0.25472528204514766
1587	0.254529856537935
8128	0.25439973244943886
3922	0.2542873554565326
8237	0.25386595883975793
515	0.2538245204732479
7928	0.2536433785724674
1230	0.25360907336865735
2575	0.25354661789993294
1662	0.2532766750135223
302	0.2531958087932331
7666	0.25227764493603
49	0.2516108976717809
5732	0.251582423213964
1884	0.251279868762771
7921	0.2512196048329287
4944	0.2508664532846625
23	0.25055731181188723
4276	0.25043750525547226
7040	0.250382598397265
4422	0.2502263409836723
7497	0.2500141102534674
428	0.2499398272799281
3050	0.24980766480942102
6241	0.249317590481084
673	0.24928732907681822
1034	0.24928547391372163
2765	0.24878866382009862
827	0.2487107964570114
8002	0.24828988568437577
2974	0.24816781475067767
8141	0.24809513205617278
3464	0.24787112207740258
5980	0.24763561267220227
1420	0.24744570623462292
875	0.24729385732491835
5694	0.24726017486990143
1518	0.2471569863330832
2332	0.24700189585883886
252	0.24677674230299418
7701	0.24672656932862483
1861	0.24671613558833078
3681	0.24658463068067332
3554	0.24651912579729252
967	0.24644565984426273
2273	0.24639149511966646
3348	0.24627318849337432
2095	0.24583374645810632
6088	0.24572574462118418
1746	0.2456778726340149
6552	0.24557061423552426
7810	0.24543910634036664
2116	0.24534512754039797
971	0.2451816274364888
5614	0.2450280451834415
604	0.2445229019536943
1653	0.2437378011706334
1418	0.2435556912005991
151	0.24346610664625798
2951	0.2433155114117496
226	0.24325608385438488
5327	0.24305798790174482
1819	0.24299093703583924
4127	0.24293886597674208
5487	0.24292288488655475
805	0.24288831391258986
33	0.24259595420751667
324	0.24259220758954603
1920	0.24240137116264132
4977	0.2422899818922677
6532	0.2422876980180636
4552	0.24224971314639526
8	0.24222942941619358
39	0.2422143848929628
7574	0.2421219286405203
3811	0.24208134865958536
3804	0.24173552820379907
606	0.24152363816760553
144	0.24139702365446242
6511	0.24131004204221185
1468	0.24101941136405164
853	0.24099545315174323
1987	0.24077175316680732
182	0.24073826256208242
3809	0.2405929677919422
1597	0.24056974630862582
6170	0.24049701280495764
1524	0.24008754504091892
3646	0.24000994366656458
7201	0.2396226251179333
4584	0.23962245297017526
7668	0.23959940846618552
981	0.23951328868840227
1137	0.23949795716325464
7647	0.2394079395112272
2925	0.2393911453865294
1074	0.23932358167676832
3506	0.23924739178565776
4728	0.23916720142927927
7393	0.23908148745252272
1556	0.23906894089220282
643	0.23883060078938462
514	0.2387244604435891
6595	0.23863651083683374
1757	0.23852289573568103
1747	0.23838951519482543
3629	0.2382391815863737
6570	0.23823780400118544
2294	0.23795530910533044
5835	0.23780880310877742
6850	0.23774124530299168
999	0.23748952771661375
4562	0.23705832815293792
5745	0.2369524158272588
6737	0.23661523848601726
431	0.23660961600083041
6712	0.2363980998074856
1534	0.2362676203116046
3171	0.2361155598850227
4678	0.23606728596385235
4613	0.23583472275776823
1411	0.23552774087716402
2589	0.23552127468128192
5626	0.23534222995591275
2928	0.23532488845556798
1692	0.23477533151235652
3319	0.23477312121227997
2917	0.2346894080114783
8209	0.234637562297336
4814	0.23407449573399103
2599	0.23382456466771367
2724	0.23378976021977982
4993	0.23374793958290835
5511	0.2337472277323041
2652	0.2335972354178995
1600	0.23355139863435728
3000	0.23298247311732623
3301	0.2329656433726466
7397	0.23291815622579742
2333	0.2325491665704072
6021	0.23231891464481685
806	0.23230367455609527
1752	0.23228507210024874
2638	0.23207622486735113
2178	0.23207087870635287
4583	0.23197240926477067
982	0.23162775509151923
7434	0.23162578971094205
447	0.23150638919819966
3942	0.23135964352920418
422	0.23135236834944328
3914	0.2312086713643693
1823	0.23104317429845653
1029	0.23091415503182533
798	0.23058211546787014
132	0.23031832263330015
3999	0.23024140116424793
6759	0.23019607640925555
6474	0.2301472236037696
664	0.23011913538600168
2844	0.23006029063180344
3816	0.23003138667832368
1857	0.22947635427894392
1520	0.2293450274771482
1131	0.22908826515633735
3297	0.22908448049355432
6409	0.2287472990564145
8024	0.22865684575459205
6953	0.22863143924455753
2348	0.22826088959778107
1023	0.22819567727651424
1203	0.22782320046857568
684	0.22774186340147923
38	0.22765604903832204
440	0.22739663495492995
2119	0.2270966681416803
1075	0.2270549292930092
963	0.22704459350854425
1124	0.22686631690527476
7695	0.2268489059117249
1396	0.22684140759034002
707	0.22675609264051375
4876	0.22645732370692417
3576	0.22643129116191857
1652	0.22621250928776876
273	0.2260649991195152
5772	0.22563797331818303
6571	0.22561164149967183
6755	0.22559885322036094
1402	0.22539297038748202
1506	0.225080195740881
3555	0.22489448202284884
5033	0.22484281422817748
3068	0.2248292171059461
7341	0.22474333221847298
236	0.2246774450353195
36	0.2245034605438433
34	0.22421428102783625
6707	0.2240976886305684
4992	0.22399012965823262
7778	0.2237568997495356
2720	0.22369027836686003
8019	0.22337986342476274
1618	0.22295632726440803
8149	0.2228974344357186
4181	0.22260818701865465
5058	0.22249828655225867
1382	0.22244467659992245
567	0.2223154976126705
979	0.22212929581145052
3785	0.22199373015943497
2751	0.22183709276457309
433	0.22173311125301576
5972	0.22168345497055045
878	0.2215061129476823
2241	0.2214745114430639
6803	0.22143594170075914
6873	0.22137925958021806
4468	0.22125127336128914
3567	0.2212161841863853
506	0.22119583581113295
8124	0.22097329703884808
4386	0.22094655341059816
5274	0.22088419070686174
4412	0.22086883717813194
5245	0.22084150977155392
795	0.22069256801083387
6682	0.22039814267544022
955	0.22010822852855444
5650	0.2199275778391775
6553	0.21989189831356826
8227	0.21987279397690446
2797	0.21987192701503122
3520	0.21962334559498595
3616	0.21956274385124885
7791	0.21927361337023982
4183	0.21907625843854117
7652	0.21901528452028596
1733	0.21897466045712505
1160	0.21888095132146893
8284	0.21880823975450675
4482	0.21866752065946854
7088	0.21841304444779464
3376	0.21835143369731047
1043	0.21805994470135415
5620	0.2179835159590696
19	0.21760212510876462
838	0.21750651346063266
1407	0.2174287084790544
4605	0.21738067823244453
4030	0.21734527915812926
4351	0.21670779434820675
7059	0.2166923936737843
1979	0.21644170006356875
1007	0.2162224507442856
778	0.21621665086117764
903	0.21609452806131943
258	0.2160884992062744
2281	0.2160407778743022
6762	0.21601345162650304
2926	0.2160120398228751
257	0.21598560030510466
3973	0.2158184985567421
1513	0.21553729125244547
4385	0.2154157529452137
3461	0.21535235584949072
2979	0.21528734035753916
6924	0.21522847586366678
192	0.21516670264320928
7243	0.21516484727423307
1372	0.21494419578749718
5539	0.2149163608241254
1039	0.21456251796795367
228	0.2144394619017302
5991	0.21432461266059072
30	0.21432448155860312
6632	0.21417909928247192
2165	0.214028003869971
1077	0.21400582817951538
3609	0.213713383856212
691	0.21356707709880718
7498	0.21352347748281914
6606	0.21339109321123317
5830	0.2133469456509151
429	0.2131533711452293
1613	0.21297729628791873
2604	0.21297151031258715
1768	0.21286750995071507
725	0.2125513543720667
3324	0.21239891977240363
2990	0.2121240363467015
1984	0.21209279727530117
216	0.2119869040055694
3875	0.2119689773250617
6567	0.21193766639334968
3772	0.21190337796316885
1277	0.21164325819896893
675	0.2115024916379825
2205	0.2114520858671396
836	0.21143225253164205
1865	0.21136173327588945
3538	0.21130933878701277
1714	0.21126346276076713
4648	0.210984438219781
1152	0.21097377362705688
4355	0.2109063649293284
868	0.2108667058009973
5437	0.21061103717049479
682	0.2104765171866836
2426	0.21042462172031312
2097	0.21036834562468815
936	0.21034734624441384
80	0.21034394820865493
3939	0.21005659880544603
2607	0.20993871485966428
6166	0.20984694405817508
4677	0.20982428835138478
1389	0.2097112863930368
1259	0.20943053907991954
1837	0.20934987789635667
7074	0.2092826690482119
154	0.2092361346731017
748	0.2091113807802966
6663	0.209109875552969
3235	0.20898183503641574
5655	0.20873094326168465
6589	0.20854954733047543
7648	0.20838739954811558
300	0.20834978942641544
1730	0.2079709198783881
517	0.2078702017549535
4088	0.20785915667699661
5043	0.2078211888050497
5705	0.20771830842095074
406	0.2077064063643408
5311	0.20756123275929173
6261	0.20748546225723322
8139	0.20737434504041197
6360	0.20723789500319523
844	0.2069070520937485
1707	0.20684199900581124
2229	0.2066083603056738
5375	0.2065236628642733
6198	0.2064606499716589
6435	0.20634597449236586
8028	0.206263241088557
1563	0.20612128244128924
5757	0.2060918796732294
7449	0.20593509326077075
1260	0.2059134843179358
7512	0.2058434381935763
1628	0.20582803092114266
1321	0.20581924456200545
1901	0.20576801791194171
1880	0.2057652910159174
3822	0.20563261994788695
7362	0.20545744503225674
1583	0.20527444781897944
5500	0.20516873034971106
175	0.20491154923268257
4441	0.20487829217444267
1550	0.20467594762967262
1055	0.2046162252823586
2060	0.20437507658861548
1493	0.20427172277639744
5784	0.2042565803192477
3313	0.20407951452083156
1649	0.20404989542438579
5132	0.20378623753927316
5140	0.2036063769756622
1672	0.2035206405953534
7533	0.20348405233133185
8169	0.20346409434572219
3193	0.2034018131676322
150	0.20333661846466755
1595	0.20330389377178065
586	0.2032560226838978
4331	0.20319607017935323
6621	0.20314415602319366
7857	0.20312148741282207
4934	0.20307731526172534
820	0.20291005455868988
826	0.20290415388324007
3556	0.20269657027673044
6945	0.2024946229576231
2168	0.20248384983697865
2342	0.20213317529998337
1629	0.20209790957145884
224	0.20197765149590008
7653	0.2016892588921163
5326	0.201570441531237
5756	0.20150900800977425
1144	0.20145489099553726
5231	0.2013733901597413
994	0.2012692493386134
1100	0.2011339136862882
6813	0.20097635247076306
7359	0.2008855558814399
2736	0.2007194655337306
246	0.20062312388295472
3463	0.20051269366228505
5255	0.20034356849967488
4625	0.20018431495379793
6686	0.2001735020112696
8037	0.2001620836371998
6078	0.19998573516984125
2109	0.19988004586158964
4631	0.1998362539443683
7149	0.199697779278587
339	0.19964433667498568
913	0.19954174118566861
7146	0.19948285362484441
5887	0.19943625040239915
2007	0.19936857685405296
4231	0.19931773957547133
975	0.19921425585595962
5639	0.19918940506690708
32	0.19906896079656317
488	0.19904642509722253
592	0.19903743928113687
810	0.198760408332884
771	0.19860556240659255
1221	0.19856996029926932
5559	0.1985392335460373
1791	0.19844893800546967
5208	0.19844780505854728
8148	0.19816426840538529
1669	0.1980420320420357
3446	0.19799850632402663
6427	0.1979931496808477
2181	0.19783254741520367
7222	0.19779639671003982
396	0.19768355350254563
1196	0.19764591293919814
538	0.19764479280823327
7440	0.19733998985296997
2914	0.19728827753377925
5298	0.19713115969429207
881	0.196785471248573
6059	0.19657343237625982
5308	0.19650793309424486
943	0.19648156334764413
5417	0.19601914588950617
6700	0.19588854721648874
5933	0.19577546288341674
2069	0.19559207583650268
2129	0.19556226501995683
183	0.19545999051675114
991	0.19537323248651298
2647	0.19522770040369633
219	0.19515782947295113
7517	0.19499663853435356
4966	0.19497715188623077
7691	0.19493843160621319
5146	0.1949032762853114
581	0.1947630338576708
2247	0.19467927031811297
3856	0.1945961382347629
5312	0.19452442939402007
8122	0.19452382038497903
945	0.19448441302709812
7994	0.19435681109463807
7557	0.1940097208679899
7292	0.19395818756760033
7952	0.19393692628606238
2422	0.19383179793192795
5406	0.19374606436706504
6530	0.19367619078502551
686	0.19367139574422315
3486	0.1931489815685043
6709	0.19308540439478084
948	0.19303000917007923
2091	0.19297023786787681
6462	0.19282780618719036
377	0.19279474082915452
3410	0.19279390678201028
2234	0.19277974785017724
2206	0.19275852843498212
349	0.19263995709921844
1531	0.19245516669292387
4658	0.1922726094529947
6942	0.19227052226573654
932	0.19225560844226455
2112	0.19222891499816247
5044	0.19220699213811293
1490	0.19217632888651884
6472	0.19214445694708512
1323	0.1921183252417664
4058	0.19203557532706406
5837	0.19185054030406698
918	0.19175956084925247
319	0.19171508205189056
619	0.1915659348140391
2366	0.19155893398828963
3745	0.19126898171475512
7996	0.19100014133385798
995	0.1909348609753342
1678	0.1909038892019746
379	0.1908929432661282
2277	0.1907767609165755
861	0.19073011584833055
8058	0.19048404974088823
477	0.19041711757956292
4561	0.19041711757956292
564	0.19038168783740617
4466	0.19007272116862192
7436	0.1900522445499635
64	0.18967373750109523
956	0.1895635552892944
7423	0.1895038055246931
4779	0.1894819376991281
6009	0.18945642744808133
4031	0.18942241643155566
622	0.18916911469630987
314	0.18909702653392474
4171	0.18899976380160735
5643	0.18894250510190277
1991	0.1887163203855965
5635	0.18868859934948418
2591	0.1886512090256236
4776	0.18859311742545
1687	0.18851686115538352
4117	0.18838510899294714
1020	0.18824434274511606
7204	0.1881065664708597
3082	0.18807905578576004
5513	0.1880169049502992
4831	0.1879307866238653
657	0.18776425877590586
7315	0.18770669677218904
5809	0.1872738761807849
4879	0.1872622250460286
566	0.18720700685701122
7162	0.18701181240389814
6447	0.18698180184638333
8276	0.18691816516575432
8090	0.1869170049265886
6805	0.1868285905314447
3671	0.18681743040465681
5271	0.18644841134806472
616	0.18633383544824764
4111	0.18633182737620174
3980	0.18629444120430652
140	0.18621033263749792
5120	0.18610540825268085
7740	0.18608053187977677
1030	0.18590923070536675
6529	0.18582216925688674
127	0.18578320424104033
4403	0.18568000577767527
7642	0.18567261632034196
5860	0.1854317705479301
5977	0.18536574518130067
6892	0.18511398742961827
706	0.18500410517301638
7593	0.18489286498969607
4620	0.1847915794101923
232	0.1847654480982587
7520	0.1847320788765793
7246	0.1846441694737539
5141	0.1843426340832422
1266	0.18433382197205772
1441	0.18422213074600977
6027	0.1840796918057867
3285	0.18404819977564585
7254	0.1840109259408085
3933	0.18389369274355172
658	0.1838932270640448
1128	0.183821470950275
6982	0.18381249863241728
1557	0.18378589918814936
2085	0.18372604883939897
5709	0.18367131442983659
6772	0.18364295087509735
1985	0.18361765682079612
8130	0.18359894277269792
306	0.18357487361643807
7634	0.18329921916764336
1141	0.18298241283154412
8296	0.18294087558396877
5713	0.1828593901429404
8007	0.18252631130730265
7323	0.18242001807785
5045	0.1822940475454569
7215	0.18196826617016515
5350	0.18196720831085714
2055	0.1818133251943782
6933	0.18173237568585288
6983	0.18169625229414899
6269	0.18158161846524773
674	0.18154534608495937
7899	0.18149689635962807
2101	0.18141299888375736
1604	0.18125055969125406
8226	0.1812103577508402
6311	0.18113350004030795
7590	0.1811303900822792
864	0.18110320510079134
8275	0.18108505387742857
5926	0.18103800986247448
5630	0.18089680733174973
7186	0.1807430693180718
6302	0.18072842826118257
1472	0.18064558592825328
2670	0.18062820335289578
147	0.18060164061485506
7257	0.18043686274882975
6723	0.1803418347363607
6543	0.18024086366980846
6917	0.18015857886067688
4621	0.1801024739969478
8079	0.180031453519504
168	0.1800126747318362
3911	0.17999402250846053
392	0.17998262861485434
797	0.1798499214515602
6670	0.179832843103699
705	0.1797789711078237
8025	0.17973625191617115
1983	0.17918519795934001
1282	0.17912630724529993
7840	0.1790720830264282
1619	0.17894995407876504
8277	0.17892519070108368
5260	0.17880556902776049
7658	0.17874323684436266
1060	0.17874007982991888
7439	0.17870541118690061
866	0.17834987630124133
822	0.17833023407536172
6938	0.17816478992491583
5564	0.17815615496263354
631	0.17810252164091045
1220	0.17806914589071315
885	0.178024552166426
389	0.1780103094857555
274	0.17785571787001944
1168	0.17781360303437518
3547	0.17766715762652255
4220	0.1776657131146188
7161	0.17759638323103075
717	0.17748851575758545
6923	0.17739637168597483
1732	0.17726727488332786
1770	0.17724827697962667
6788	0.17719277672255146
4332	0.1771776609148104
6890	0.17695188790088076
2650	0.17692998010110528
5363	0.17680796987927513
3155	0.1767517846130524
7730	0.17670540519557668
3867	0.1766430198839963
4012	0.1763733918927191
1432	0.17616843076679836
681	0.176050969557142
5931	0.17604305645522167
1326	0.17602625551472842
4014	0.17590729211972586
163	0.17587329419683345
7673	0.17581445724928396
7675	0.17560043239530357
525	0.1754593232576929
6164	0.17537670106162062
2202	0.17536011623456624
3921	0.17517405419609006
743	0.17512968406976115
6105	0.17508544553567748
6668	0.17507694225322118
802	0.175074218395986
3080	0.17503391373129118
1435	0.1749954695225975
2376	0.17496385781029625
5801	0.1748806920249547
2629	0.1748789739003558
1038	0.17486892661610148
222	0.17470544174418437
89	0.17460052016639294
6162	0.1743791845888489
5115	0.17408181583197108
2233	0.17399590608302704
1478	0.1739896254280387
5309	0.17388849550598737
130	0.17387319171249482
983	0.17358893027944053
3549	0.17352604288466567
3409	0.17329442486120478
7262	0.17325041769206745
359	0.17320348442869718
3465	0.17320143840175808
1270	0.17309738545250083
6685	0.17307256364095738
5296	0.1729930904826536
779	0.17291223242938258
7290	0.1727721988373956
4211	0.17277088102199203
4047	0.17266456132403024
7289	0.17258197718998322
8263	0.17256791676825894
2362	0.17246648452118046
601	0.17234369261692878
5664	0.1723404820084345
791	0.1722536685030269
5364	0.17225143286869715
6920	0.17217203121005176
6096	0.17213462799299634
1612	0.1721114555788884
2121	0.17211090870184756
7250	0.17207981160516092
934	0.1720218390035572
6278	0.17193889979081584
3109	0.17189842069925226
6111	0.17167480058537857
6421	0.17155775855155578
5467	0.17141701795050654
6809	0.1714084469980415
6568	0.17139721897412125
4009	0.17127067464982865
7407	0.17125321451287887
7491	0.1712232667917731
1636	0.17111548425442138
668	0.17099494242646232
2552	0.17098366532944606
3893	0.1708465342246544
6777	0.17063868910558644
3912	0.17061730949355416
1689	0.1706075692247311
7319	0.17060012742908157
8175	0.17054980939901776
4411	0.1705463568510357
5569	0.170283622798685
624	0.17024233040797326
4254	0.1700954173963087
5778	0.16985404643643198
6321	0.16980214438729754
4311	0.1697967912953971
7708	0.16974470609736442
2910	0.16971539992331774
1486	0.16957294041978926
7387	0.1694589111646204
1537	0.16939449061345696
3849	0.16914250119848884
390	0.16899605786374275
7490	0.16896679951905957
7023	0.16890761268177096
3592	0.16870898025182474
7508	0.1686205532829559
575	0.1685590164480492
942	0.1684416114202623
670	0.16829653635744088
6724	0.16800263903427132
6106	0.1679223434825321
6080	0.16792119622748958
6967	0.16787296569958216
823	0.16786903040576978
5740	0.16786206154346087
3266	0.16768969848802084
3271	0.16760461614449018
3623	0.16758255098499375
3429	0.16748051161504154
2818	0.16747712865797104
5240	0.1674655384751807
4954	0.1673643134533591
7583	0.16727725724440862
7506	0.1671702731595085
1240	0.16707952532540193
2242	0.167043046733779
341	0.16697964073844823
3974	0.1669542597508119
6041	0.16688664406365789
5481	0.1668206152818856
6691	0.16671684190162522
700	0.16668255896429301
793	0.1665953374641042
6047	0.1665876459600654
1532	0.16658577827813367
4650	0.1665057644566346
1485	0.16645805037999345
5588	0.16645198814195067
650	0.16642964564021265
338	0.16637424247106697
2484	0.16636948134836715
3256	0.16632638676889036
8204	0.16632405435552836
6491	0.16627987261696955
301	0.16626172399483763
8050	0.16616446367860263
1510	0.16612757337594955
7534	0.16612571333835532
882	0.16611579100737237
929	0.16606775722639947
687	0.16606540743699247
3971	0.16591198011830213
4815	0.1658546446324699
8285	0.16566561605162752
3205	0.1656535212894339
8068	0.16564904554643006
2956	0.1654465732409616
2843	0.1653788609966624
4822	0.1652363741519814
6590	0.16522213438996466
8282	0.16517550601922748
4471	0.16516999624692752
7304	0.16513586574854133
6083	0.16507267193443503
6661	0.1650202587976489
6109	0.16495802202656024
5838	0.16489427420217237
2163	0.16487020054157145
4639	0.16472969066100177
5470	0.1646452954713164
3023	0.16463198108308366
4359	0.1646096207992625
7365	0.16459668856161494
1287	0.16458619085939527
6769	0.1644542152033857
7110	0.1642607813653772
6110	0.16410731380903093
1716	0.16409955897969702
6464	0.1640803683200988
5514	0.16388793258434112
5354	0.16385349382029585
378	0.16368223985476552
744	0.1636149414656122
5075	0.16346715429672634
3255	0.16340207081626681
7819	0.1630830496315318
5253	0.16307719802002288
6010	0.163031651175272
5782	0.16281913566015088
2672	0.16275186339147202
5956	0.16271192444655666
5351	0.16269019027564732
3713	0.16268502875692775
6806	0.16247016046730603
427	0.16232816840021422
7913	0.16230412151445942
5663	0.16207221210979536
4783	0.16207117191756684
1114	0.16204245226681907
5570	0.16204175701915632
1092	0.16195216160832662
617	0.16193426552540985
4265	0.16184669607515972
1507	0.1617915557741963
5955	0.1617094229974472
6235	0.16161669557050026
4272	0.161612639632351
4887	0.16151932929839669
5133	0.16135122702722124
5306	0.16119989688508335
167	0.16114170073987485
7297	0.16103859957313044
4942	0.16102378053072736
4235	0.1610102612447971
6130	0.1607797686653266
6641	0.16077528073011277
5706	0.1607337831481576
7316	0.1605602677426362
4809	0.16051535889498436
4866	0.16030272572537027
2425	0.16016454293608662
8186	0.16015414110154413
3949	0.16004594076470613
5426	0.16001003954345597
1533	0.159989337149191
4946	0.15996469882161454
3737	0.15990569104790603
93	0.15970092295037921
7672	0.15961930179541184
8289	0.15958296839908764
1955	0.15955272898867262
5368	0.1594962123650755
7734	0.15931552556261208
358	0.15925759149237206
7799	0.15909460871895653
5362	0.15902916580190307
6721	0.1590117435886463
7909	0.1589711581601143
8225	0.15887209023572427
5882	0.15856696486616845
5267	0.15853752774920815
4684	0.15853752774920815
5754	0.15850800873955123
4303	0.15840514717162762
4580	0.158198411946678
645	0.1581746472983212
6149	0.15814801362169612
6054	0.15799302942515422
1950	0.1579916433508644
5434	0.1578683038125678
2378	0.15780929469848143
6950	0.15778218604013428
3888	0.15770993320299348
1657	0.1577068488030213
5303	0.15770241366001406
6307	0.1576955308479539
6376	0.15758717812469616
7060	0.15750758997956482
6340	0.15744210787785756
3237	0.15739747279308675
6997	0.15737733103683507
4068	0.15737674923440467
4550	0.15733394505398718
7735	0.15730819221277936
6756	0.15730819221277936
5310	0.1570278490638665
6592	0.1569912657706296
4188	0.15697585096912683
5792	0.1568451914004084
8132	0.15663439172882754
3880	0.15663341290978158
5665	0.15652618696866002
3363	0.15634917676608967
3138	0.1562110134104356
5388	0.15613358565329916
6257	0.15613358565329916
6226	0.15593854786036337
7318	0.15578389583142035
7765	0.15578389583142035
421	0.15573938508002608
2083	0.15561070821593653
5880	0.15557686006216734
5832	0.15557686006216734
6280	0.15556915306547162
5673	0.15538628428817447
3797	0.15530536863718195
7042	0.15513712290113996
7991	0.1551083037358086
7690	0.1549773267075156
2244	0.1545149091391911
8235	0.15447774669365316
5469	0.15426379174972574
6107	0.1542212326600464
3908	0.1541798975353082
618	0.1539445967309952
3669	0.15393177481102618
6951	0.15391501375866057
6225	0.1538961500368674
694	0.15379412084212832
6987	0.15373534356066082
3036	0.15371803794469616
6858	0.15371045784670573
6778	0.15359946877529
5145	0.15359946877529
2423	0.15339002805688803
1581	0.15330622523968573
4991	0.15329658276318966
8271	0.15319717613026707
3825	0.1531880745672214
3832	0.1529776205521639
4481	0.1529776205521639
2645	0.1529479843263806
7636	0.1527900593911315
7881	0.1527900593911315
6055	0.15278437650671567
5471	0.1526500645642567
6680	0.15252053806718524
6344	0.15252053806718524
7062	0.15248555661998628
2798	0.15241864739608826
5442	0.152403942095909
6475	0.152403942095909
5533	0.15224224091611843
6279	0.15224224091611843
2679	0.1521304754234349
8021	0.15205995713540946
4880	0.1514668424564942
6826	0.1514668424564942
7273	0.15130282222128774
2133	0.15123014705250812
6965	0.15116905276583814
1232	0.1509844595539822
6611	0.15070451112854497
3105	0.15070083669010378
1970	0.15070083669010378
